10,316 4,335 5.0
607 343 2.7
11,815 5,415 9.0
4,976 2,410 6.8
0 67,708 10.2
10,678 4,552 6.2
10,930 6,999 9.7
0 1,841 18.0
90,909 50,833 23.7
35,220 19,975 14.1
0 1,335 2.7
744 345 1.8
32,962 17,870 9.3
8,109 4,231 6.3
1,549 967 3.4
2,597 1,505 4.4
4,403 2,654 5.3
16,210 8,551 19.4
1,098 574 4.0
0 17,063 19.9
0 9,579 6.5
14,122 7,206 5.6
6,086 2,772 4.2
7,761 3,429 13.1
11,137 6,170 9.8
0 219 2.8
1,553 849 3.8
6,692 3,243 10.6
1,196 622 3.8
36,974 19,076 16.9
2,252 1,353 6.0
135,018 82,703 24.6
22,369 9,018 11.6
167 83 2.2
16,283 7,613 7.8
4,740 2,452 5.5
0 3,106 5.6
31,220 18,734 7.3
0 1,416 9.6
13,700 7,383 15.6
387 151 2.8
14,530 7,238 11.1
61,595 35,628 10.7
2,245 1,268 2.6
0 260 1.1
20,477 9,388 8.3
0 5,909 6.0
1,416 814 4.8
4,814 2,382 3.3
205 114 2.0
